"all.pH" "Dissolved_Oxygen" "Conductivity" "Water_Temp" "Total_Dissolved_Solids" "Water_Depth" "Benthos_Depth"
"all.pH" 1 -0.0708535057288554 -0.00469763057298182 0.257908498026019 0.324012155351987 -0.0226712679254598 -0.161550280646427
"Dissolved_Oxygen" -0.0708535057288554 1 -0.0143523162303313 0.0621513560244175 0.0356937595979929 -0.0715790179125203 -0.0260193868186797
"Conductivity" -0.00469763057298182 -0.0143523162303313 1 0.144772248866843 0.0257138728420014 0.015888706849765 -0.0468332127835393
"Water_Temp" 0.257908498026019 0.0621513560244175 0.144772248866843 1 0.277457734105378 -0.14619302248373 0.0754402820645842
"Total_Dissolved_Solids" 0.324012155351987 0.0356937595979929 0.0257138728420014 0.277457734105378 1 -0.112309822862103 0.120850608916869
"Water_Depth" -0.0226712679254598 -0.0715790179125203 0.015888706849765 -0.14619302248373 -0.112309822862103 1 0.0810170618125734
"Benthos_Depth" -0.161550280646427 -0.0260193868186797 -0.0468332127835393 0.0754402820645842 0.120850608916869 0.0810170618125734 1
